160
4 28 3 6 8
4 35 10 13 18
4 93 23 24 31
4 97 55 65 71
4 190 16 22 25
4 196 26 27 29
4 197 32 36 40
4 252 41 44 45
4 286 46 50 54
4 333 56 59 66
4 369 69 70 76
4 420 78 79 80
4 423 81 92 95
4 441 100 101 104
4 12 114 106 107
4 33 112 109 115
4 47 116 119 124
4 165 132 128 129
4 300 148 136 138
4 326 153 144 151
4 482 160 152 164
4 1 121 172 174
4 14 422 185 186
4 21 497 195 198
4 256 117 200 204
4 279 217 207 226
4 299 259 233 237
4 306 289 244 245
4 315 378 247 251
4 322 203 254 267
4 330 295 269 274
4 421 347 2 4
4 454 468 9 30
4 7 304 284 37
4 17 225 39 42
4 86 353 43 49
4 154 325 51 53
4 189 332 57 58
4 212 77 85 87
4 334 359 102 62
4 352 490 373 63
4 358 425 68 67
4 414 446 83 74
4 492 162 75 82
4 11 123 143 84
4 64 89 168 88
4 72 218 134 94
4 73 192 118 96
4 120 219 98 103
4 141 292 110 122
4 156 231 125 126
4 158 348 133 127
4 170 177 178 130
4 182 147 131 135
4 213 235 169 137
4 266 105 146 140
4 301 472 206 142
4 319 180 209 145
4 337 407 211 150
4 410 328 161 157
3 443 240 167
3 462 392 238
3 484 394 176
3 495 175 171
3 0 459 183
3 38 20 215
3 48 214 179
3 52 221 173
3 108 159 395
3 111 486 184
3 113 5 291
3 155 166 191
3 210 439 222
3 234 230 216
3 261 405 220
3 264 91 260
3 298 199 257
3 310 412 253
3 329 99 453
3 350 360 293
3 371 307 194
3 376 452 202
3 434 263 228
3 448 362 262
3 451 278 223
3 463 258 239
3 475 294 243
3 15 419 232
3 19 193 241
3 34 324 296
3 60 433 290
3 61 149 270
3 181 356 275
3 187 163 361
3 208 236 411
3 249 201 308
3 271 345 437
3 273 188 280
3 277 396 339
3 288 385 314
3 311 429 401
3 320 242 265
3 367 384 303
3 387 90 285
3 409 139 281
3 430 455 323
3 445 276 460
3 473 498 227
3 499 302 248
3 268 424 474
3 283 364 449
3 336 442 282
3 351 397 205
3 375 246 313
3 388 400 365
3 391 467 255
3 399 363 377
3 403 444 297
3 427 287 305
3 431 390 309
2 438 450
2 447 312
2 341 379
2 372 461
2 432 316
2 494 317
2 224 318
2 229 321
2 250 331
2 272 335
2 327 338
2 340 342
2 343 344
2 346 349
2 354 355
2 357 366
2 368 370
2 374 380
2 381 383
2 382 386
2 389 393
2 398 402
2 404 406
2 408 413
2 415 416
2 417 418
2 426 428
2 435 436
2 440 456
2 457 458
2 464 465
2 466 469
2 470 471
2 476 477
2 478 479
2 480 481
2 483 485
2 487 488
2 489 491
2 493 496
