1628
4 5357 5211 9128 6613
4 5121 936 7515 44
4 8148 3942 752 9618
4 6404 9813 4194 876
4 421 9247 674 110
4 2589 847 371 9131
4 5913 3457 8636 9256
4 5583 7819 7950 2212
4 6255 8284 8814 8641
4 9906 281 4670 2459
4 8785 8392 5526 7259
4 3629 9888 2064 63
4 6584 4106 1013 9894
4 7710 2246 948 3024
4 1737 9019 3420 6170
4 3987 4916 2723 3678
4 7529 6240 6639 3176
4 5231 1071 5048 2124
4 2094 2331 2728 5945
4 4386 4808 9267 3302
4 5796 7863 3795 8689
4 9487 1423 4090 4473
4 6735 2141 7525 7927
4 8197 2008 5918 6495
4 1756 8837 6677 2115
4 2584 4961 1114 8152
4 8754 3272 1164 854
4 998 7198 2070 1707
4 2395 4917 7577 7201
4 6655 7135 2819 684
4 2861 4695 3765 8777
4 6312 461 4788 384
4 59 336 9965 8639
4 7923 3499 7825 1004
4 7569 3463 4430 4702
4 7704 2752 2922 7961
4 5515 5295 1341 4886
4 9612 7834 8612 4983
4 6632 3047 4509 7757
4 7444 9307 7945 5046
4 8873 2080 5982 6381
4 7262 8384 4579 7104
4 8452 7100 1734 5791
4 2489 49 5052 2228
4 7796 82 1561 3096
4 5905 3607 9568 9295
4 398 4685 1146 7313
4 8407 6107 1203 4964
4 820 6252 7516 1988
4 1729 1677 2968 5625
4 604 4874 818 3309
4 6459 4406 7136 4240
4 9004 3293 4925 1115
4 1248 3647 47 5310
4 7549 9795 1322 5101
4 7064 3149 5383 7579
4 4848 8338 3896 8322
4 5886 4322 7326 1450
4 8603 8485 7305 6935
4 8733 1851 8851 5042
4 8189 7359 7231 1742
4 8437 9527 4637 4141
4 9354 1955 1671 9552
4 9529 4131 4185 4940
4 6839 7 727 2686
4 9213 9433 3114 9539
4 1524 4561 3072 2962
4 4449 4074 7202 3844
4 4318 3142 9129 5219
4 4574 8250 6957 2481
4 5744 4655 4112 2274
4 9483 1385 5214 6129
4 4100 9532 8387 1934
4 6823 4235 5713 8553
4 3904 5494 7088 2293
4 4233 954 3357 7447
4 3626 71 4475 9063
4 7108 8745 1713 9946
4 8479 636 6168 4167
4 5416 859 532 2726
4 9620 6547 8465 9690
4 1287 8193 5777 8767
4 2545 2456 6550 7196
4 6476 9106 850 2544
4 9383 5251 4619 4490
4 4004 887 8010 4995
4 3697 6178 62 9917
4 1396 9119 1724 1946
4 5427 1418 4076 8736
4 4041 5006 8116 2759
4 370 2642 4402 2085
4 973 4638 3672 6534
4 2061 2652 5729 9196
4 3015 1210 4374 766
4 2155 586 2060 3542
4 4644 3566 5686 7725
4 4863 7148 9747 1568
4 7792 8601 8803 9576
4 6668 3155 7451 213
4 3135 8991 8375 4550
4 4631 8478 3757 9542
4 2222 6571 7464 4150
4 1492 1556 2340 18
4 5363 4139 2862 6611
4 7168 403 9235 676
4 2687 4320 9525 58
4 2843 6537 6927 201
4 5570 2736 594 1050
4 453 5163 7851 1621
4 2117 5156 2323 3781
4 3505 3648 1895 9151
4 8775 1711 8233 5904
4 9765 9275 723 3593
4 3295 4044 1383 446
4 4036 2548 8267 8865
4 2932 3337 7862 7079
4 8287 8608 3775 8079
4 6640 2342 2213 9344
4 8004 7316 9 8187
4 8854 6467 2870 3869
4 3273 7545 7814 5609
4 5616 7715 8626 9302
4 8591 8430 4058 8849
4 3715 8644 7643 328
4 2345 1936 9605 2313
4 2096 1839 6134 3840
4 5090 9528 7145 6171
4 7936 9921 6050 3583
4 666 2982 7267 333
4 2935 3170 3376 7445
4 2598 4657 8186 6123
4 3825 7308 6558 4902
4 6762 1160 11 7673
4 9959 1433 6567 5854
4 1081 373 8397 5845
4 4147 1136 4390 7726
4 6756 2985 1552 5366
4 5001 3745 2535 8101
4 5592 774 8506 3526
4 8119 8367 3253 9289
4 1388 9374 706 5540
4 6196 2674 2920 6359
4 9818 5873 1427 8242
4 864 65 4244 9942
4 5989 2267 3196 2305
4 683 7953 3950 9873
4 8911 5665 2123 2023
4 8320 2300 4965 7008
4 5083 778 5931 2282
4 7369 2749 3228 9713
4 8585 4847 6989 6313
4 132 5081 4837 8616
4 3484 1767 2944 6842
4 962 8697 4480 7522
4 8240 593 7083 9320
4 7939 654 9340 7026
4 7368 6985 4516 717
4 7208 103 9784 177
4 7290 6363 2718 245
4 2196 8259 4690 9111
4 7101 8167 7050 5324
4 2499 4959 8047 5136
4 5602 9691 7595 8094
4 9614 9778 7385 1996
4 714 6060 2112 5891
4 2475 9966 2364 8253
4 3656 5096 2647 3106
4 1101 9732 2203 1231
4 5651 2905 3443 7920
4 839 9283 257 2536
4 1491 1336 1861 4582
4 4405 4498 4284 8614
4 7937 8509 7209 3356
4 1233 5209 6477 780
4 9986 2814 4351 9123
4 6782 1344 2802 9252
4 5773 1787 7911 7489
4 8058 9365 463 3708
4 1214 3089 4134 214
4 4957 1357 2351 8751
4 7540 7166 4151 8947
4 443 6602 2628 3062
4 2558 2009 992 7330
4 7409 6994 2957 4137
4 7896 8348 2308 6582
4 8063 2095 5492 4352
4 5653 3913 9930 251
4 976 5909 4867 4557
4 6702 8477 1372 7981
4 1830 6914 565 6956
4 6176 6316 7944 6297
4 3792 1505 3889 8200
4 5772 3618 9511 7613
4 3940 7677 3730 7756
4 4135 2045 1049 1883
4 2727 7494 6300 4727
4 9305 4977 1249 2245
4 2964 9974 8199 4696
4 1353 5919 5518 4222
4 7543 3632 2941 9546
4 7551 6426 5991 6666
4 9866 5593 2509 7391
4 1812 7119 5149 9722
4 3437 7466 8651 8026
4 2259 5332 3002 7629
4 3042 8839 4293 1510
4 1094 2575 1976 8811
4 5652 4331 1061 1820
4 3686 4161 8529 645
4 7583 2573 3308 5239
4 9263 1564 9271 924
4 4102 3379 8721 6415
4 3519 7922 1096 9341
4 8332 3475 2619 2162
4 7032 4912 8701 55
4 7648 6481 9569 1845
4 1591 8501 9545 2572
4 6882 9325 4711 5733
4 3689 3473 5758 3223
4 5172 3579 9154 1178
4 120 2994 3087 902
4 6038 750 687 67
4 6913 2160 2243 1747
4 2828 3112 8470 6309
4 3257 3126 6410 1740
4 8138 5835 4367 5793
4 1763 8607 522 3485
4 2795 3899 171 3167
4 8997 3750 7647 4884
4 9559 8915 6419 6738
4 2036 8286 5962 1800
4 9900 631 96 1998
4 3451 1717 2486 9853
4 8115 5544 8625 1636
4 6147 8056 773 2043
4 7703 7439 7934 5683
4 3842 9629 8834 5553
4 9243 8040 4861 7972
4 1509 5308 3870 8659
4 5359 1523 7210 9419
4 9514 877 8579 9048
4 4551 2571 2612 2089
4 8036 8866 9585 1817
4 6580 4357 1965 8431
4 6777 6273 6747 8940
4 2817 1508 1948 9962
4 9856 7824 797 85
4 5600 3496 8204 1587
4 7700 6192 5028 2000
4 5622 1351 3137 9746
4 1359 8297 836 2927
4 3083 9649 1200 4477
4 8346 321 915 1853
4 8563 283 188 3278
4 6638 1202 1810 1743
4 3229 1975 5074 3001
4 7212 8487 8702 5808
4 6329 4043 5720 8418
4 745 6198 3 8172
4 1085 9550 634 278
4 4951 7443 1821 1040
4 9366 5610 875 2055
4 9443 1714 6320 5728
4 9779 4883 9689 8683
4 709 6188 1708 8964
4 9751 9968 1483 7103
4 3368 4527 3022 8183
4 6 4960 7567 7302
4 1340 791 9695 3877
4 4259 407 8923 9843
4 9124 8658 7978 6146
4 7671 3830 5236 8670
4 332 6616 9359 4307
4 1701 6342 1117 4607
4 9806 8548 5864 7412
4 60 3736 5803 6110
4 3214 6028 1073 8168
4 1001 9908 8328 6010
4 8163 5244 6578 3944
4 9363 8835 1152 884
4 5330 7748 8003 5823
4 8779 6370 5462 6627
4 7057 8677 264 9952
4 2776 385 6336 4079
4 296 4524 995 4617
4 1364 4717 6367 9755
4 9166 1833 1571 8932
4 7415 3791 5970 3905
4 3120 3055 2809 4946
4 4572 513 3655 5278
4 5529 8956 8722 6483
4 7153 7880 4474 970
4 7344 7699 2912 8453
4 1522 1720 4521 3997
4 8990 7255 3037 9265
4 9426 7095 6384 8132
4 4415 6226 8750 7463
4 5131 3362 4361 9397
4 8449 7319 7861 6231
4 5488 3306 1912 5170
4 767 7524 5441 145
4 2265 1378 4870 7696
4 6042 8442 5151 4706
4 301 3834 4439 6856
4 1673 8516 9961 6498
4 7250 9572 844 8524
4 2952 520 451 3107
4 3845 559 7118 7041
4 6144 1116 6605 7536
4 197 1684 9425 5547
4 1889 760 3028 5548
4 6742 9626 6377 1234
4 9566 7603 3978 2798
4 5155 7178 2585 7740
4 9797 9078 2716 6526
4 1476 8874 9250 1224
4 4600 556 6715 9507
4 5375 6757 8692 3104
4 7155 10 2877 4604
4 7436 9880 1140 5325
4 730 3673 5902 916
4 3557 3271 4179 56
4 4649 3050 5998 7558
4 1228 5785 2165 7253
4 8671 912 4627 5118
4 9718 6058 3857 4871
4 4200 6577 3516 3508
4 6769 7759 1648 3728
4 2353 5941 1712 8081
4 8707 2185 9895 5503
4 1429 3367 9161 6938
4 5476 1526 1253 6656
4 9871 4038 6220 923
4 6662 164 7152 139
4 432 4532 846 7624
4 263 4975 1923 3029
4 4469 8527 2488 8247
4 5203 17 7618 1963
4 5207 3518 7617 117
4 6012 1430 9464 9450
4 6981 9092 8198 2590
4 3885 8714 7318 738
4 5849 9719 5649 6364
4 464 7870 8044 3544
4 1037 1542 2566 4731
4 4565 6389 7823 8059
4 7296 2407 9014 3932
4 8929 4126 3677 3608
4 1681 6540 4555 5563
4 3561 1620 1827 3892
4 5174 1154 1261 926
4 5197 3248 8363 211
4 6444 28 1484 6266
4 2939 1464 8653 6396
4 3375 7238 529 9390
4 4786 1589 3674 9197
4 8895 5250 1487 2804
4 137 5875 4522 7215
4 2627 2221 297 6149
4 2937 5271 2226 9741
4 9599 9350 7499 7375
4 3511 8293 7518 6296
4 4292 4668 174 3239
4 2592 7778 4990 1943
4 3853 5579 3691 2007
4 7678 9246 1311 6623
4 8466 8637 6443 2649
4 5341 3895 6731 5839
4 9769 7204 4933 1197
4 9849 4230 8617 6645
4 172 7218 1260 6052
4 1361 9135 2106 5058
4 2600 6102 4170 9594
4 5705 5446 9907 4663
4 6965 3540 5627 7692
4 1726 3769 834 307
4 5378 87 3092 642
4 9984 6703 7363 1765
4 2368 9471 5948 236
4 7130 3276 5824 2836
4 688 208 9588 3527
4 1570 8239 3980 3746
4 3969 6193 9799 7752
4 8931 7346 900 4573
4 525 3973 6721 8606
4 1122 6036 1994 2705
4 1601 2127 8833 8032
4 3134 480 4725 7983
4 6583 6651 8161 5981
4 6752 3258 5574 9864
4 9168 628 6205 5899
4 2766 9407 2872 931
4 9597 1819 1825 1877
4 4093 4671 9490 7278
4 6133 2538 1642 5094
4 7149 4859 1704 5879
4 9121 1735 7777 6628
4 2295 8684 1445 9376
4 4491 7105 8673 735
4 9182 7413 2516 3945
4 9214 7954 7659 3480
4 2484 8305 1129 5794
4 5007 5056 6306 6451
4 5013 1866 8258 1015
4 5017 2125 8342 8134
4 7839 6053 1393 4055
4 8650 3891 9730 8035
4 8824 9776 4997 540
4 2309 1205 6849 6984
4 2879 8609 9286 5559
4 1010 1847 8176 4904
4 2555 656 2811 8241
4 2848 7610 6350 8434
4 6680 6531 9241 1406
4 3828 5513 4703 9650
4 6157 6206 6155 9382
4 6215 6741 206 178
4 7151 1874 7219 9637
4 289 7764 2732 5418
4 597 6152 5517 5474
4 1876 9276 4650 290
4 9414 4926 4410 6676
4 9580 590 8468 7841
4 3692 6256 2457 5710
4 5487 7888 9748 210
4 1159 2697 5061 4792
4 1856 2854 3906 9976
4 8652 2428 3808 1723
4 9852 1888 2765 9848
4 1056 1884 6685 909
4 5815 4865 8597 7003
4 8578 7884 5178 6361
4 9499 7875 7432 9922
4 1632 2091 6365 1837
4 2999 3132 4506 9368
4 4496 253 2462 4661
4 6111 3802 3531 2081
4 124 2020 4559 7785
4 151 9238 6932 9602
4 4054 4989 5644 33
4 8537 5371 5205 2461
4 53 7475 7286 4478
4 1718 7542 6557 8648
4 142 7734 622 7406
4 589 1282 2254 7733
4 1562 8967 9988 3839
4 2190 4363 4716 2907
4 3573 4656 2806 5035
4 6228 3654 4857 8333
4 4611 9165 7382 2320
4 4814 3297 1471 1339
4 7512 2565 9703 6585
4 9675 4692 3924 5671
4 4442 7594 6076 4011
4 9326 5044 689 2241
4 9714 4381 5530 534
4 2490 898 5255 147
4 4091 7662 198 3323
4 4592 7361 150 7990
4 4636 3912 8423 489
4 4774 7074 4879 7592
4 7993 9896 3244 4875
4 8907 3498 4057 4773
4 9530 6800 7770 2874
4 9761 6326 5457 6289
4 362 4066 3352 7943
4 648 2006 737 2260
4 3558 3153 9468 9043
4 5235 8019 9143 2401
4 1440 1467 7356 4202
4 2887 5389 1090 1332
4 4187 5898 4823 2398
4 6827 4771 404 5856
4 7090 6673 7917 7534
4 7526 8861 6784 1595
4 8123 1598 9971 6380
4 9523 1023 4412 4375
4 2400 4720 2389 3595
4 3553 6794 5633 3188
4 5020 4064 6870 960
4 6733 2783 4467 6340
4 9016 6976 358 1021
4 3567 8432 9879 6873
4 4089 1609 7426 9361
4 5916 146 2381 849
4 6366 6857 6700 3641
4 3422 9453 3704 3882
4 7037 9456 1822 9183
4 1533 6528 3075 6514
4 5355 1422 1512 7966
4 6436 5336 7821 1930
4 7374 5489 4026 4495
4 7683 8938 5461 8150
4 9220 5551 7964 8196
4 2375 5086 7249 9122
4 3760 3914 5869 4465
4 6988 6778 4640 3145
4 7914 4766 9667 7454
4 1584 4452 6016 5467
4 3718 9221 7818 8898
4 6490 2129 9868 6208
4 8376 4639 45 32
4 8715 7768 8517 9549
4 8889 8043 2707 8264
4 7419 9192 8712 2134
4 8153 7230 2278 1952
4 3582 8325 5724 6243
4 3617 3559 5166 4016
4 7310 8425 7596 8682
4 7530 7175 8299 9987
4 8894 9561 396 8752
4 9684 4953 8263 6942
4 9726 8845 8238 6203
4 1529 835 2191 8823
4 9072 39 8746 9096
4 1922 3339 5954 7876
4 3299 3966 3681 7480
4 3983 4907 0 7689
4 5776 635 149 5085
4 5901 9631 6264 8632
4 8954 6466 5865 804
4 3371 7221 6726 2875
4 5380 711 5164 6160
4 5920 3129 5277 9583
4 6202 4704 204 5047
4 7013 3749 4124 2167
4 8679 7010 1411 4340
4 9222 1507 4992 2277
4 1886 6649 7956 6351
4 3985 7116 9606 6596
4 5522 6834 6648 9068
4 5832 5896 9836 5362
4 9429 5615 3203 1616
4 359 5556 9996 4206
4 512 1761 6421 9486
4 947 9734 300 6553
4 5531 9091 471 6637
4 9062 3136 6184 355
4 9802 7186 9752 7521
4 3564 9173 2467 2601
4 6724 8276 3226 7984
4 9828 170 313 1409
4 678 2924 3121 9459
4 1347 6574 9328 611
4 3011 1100 2120 4949
4 3428 6681 825 6492
4 3811 7809 1012 4708
4 4887 1382 1768 7633
4 5908 8562 9573 7975
4 7220 9299 5368 8908
4 8519 4514 4419 8336
4 1256 3322 9210 9633
4 2148 6705 4858 1668
4 2343 5566 6051 4052
4 4208 3724 2983 1174
4 5756 7970 1181 562
4 7731 3694 5606 3412
4 2024 6446 7751 3809
4 3991 8027 9519 4659
4 5451 5939 2495 3926
4 5584 1047 9038 3517
4 6811 6015 3818 8454
4 2198 2672 6903 3235
4 3020 1908 9891 4958
4 6248 1199 5872 70
4 4335 5860 2159 9269
4 6659 3127 8222 6275
4 9978 6522 7614 1744
4 1044 1157 4511 240
4 5657 8133 2604 1843
4 7386 1569 431 9187
4 7424 4215 6719 8413
4 1179 1106 2102 8139
4 2367 2337 6890 1593
4 5040 8801 919 8137
4 5240 5449 4188 2762
4 5947 7425 8828 5751
4 8711 5721 9418 5986
4 433 5173 514 4286
4 541 708 4456 6713
4 6017 7727 3657 4359
4 6112 5836 9721 8089
4 7384 1840 4046 889
4 2062 3894 5730 3596
4 4790 5763 6864 2033
3 6022 6478 372
3 7509 1381 2296
3 8143 8667 1330
3 2506 5157 234
3 2702 8696 9935
3 3031 8160 7895
3 3563 968 3004
3 5536 608 6008
3 5813 1400 7729
3 6246 8810 9398
3 7500 4092 8919
3 8210 8202 3972
3 2025 1535 430
3 5496 465 6964
3 7555 8006 9767
3 8863 8864 756
3 1751 5198 3956
3 3105 2954 6576
3 7877 4742 1062
3 2329 6280 5994
3 2437 6960 2514
3 3330 8031 2661
3 8876 9028 8314
3 8977 1321 978
3 9920 4943 2632
3 9995 4228 3311
3 530 9198 439
3 955 4801 1755
3 2578 2949 7407
3 6263 2746 1036
3 131 270 9584
3 456 7924 9716
3 1640 7397 9413
3 4000 9600 183
3 5082 1750 6463
3 8215 500 3344
3 9768 2786 6761
3 97 6097 1279
3 620 5208 9699
3 1939 8401 2694
3 2193 3939 4839
3 6698 9332 5245
3 7995 2977 9431
3 9201 673 8815
3 9446 9538 1519
3 136 4534 3875
3 1259 9086 7387
3 1980 6003 24
3 2072 6161 5897
3 4301 4798 4104
3 4796 2713 7461
3 5191 8447 3212
3 7170 3590 6835
3 7663 8180 5752
3 9656 4942 1961
3 885 2772 9036
3 1475 5482 3793
3 1796 956 4399
3 4221 1649 1536
3 6565 7991 4595
3 6824 8252 1546
3 6844 8822 2210
3 7457 2074 7357
3 9944 1983 4097
3 1318 6352 9215
3 2399 2595 6809
3 3280 3370 4358
3 6137 4238 7586
3 8326 1694 7812
3 8383 37 7632
3 8435 3060 3951
3 8568 86 9855
3 2207 2891 4596
3 4387 4635 5666
3 4502 5732 602
3 4777 6887 3364
3 6121 6197 7800
3 6450 9075 5128
3 7674 2881 4783
3 7881 9083 3651
3 8037 7471 8093
3 8859 4248 2608
3 457 458 5024
3 2297 3822 7724
3 2953 6972 7320
3 6302 7554 2956
3 487 3543 8353
3 1538 6959 2149
3 4400 2903 4339
3 5168 7362 8900
3 6963 1371 5066
3 7410 6915 3789
3 9009 8766 4994
3 335 392 462
3 2144 3141 8426
3 2596 3052 2683
3 4116 7206 1009
3 4434 9047 6232
3 6311 3347 7078
3 6471 6506 402
3 7094 9094 2059
3 8930 9114 3887
3 9035 2028 1453
3 9137 2610 8663
3 221 2741 5233
3 801 1161 5181
3 2785 8486 3012
3 3021 4504 2892
3 6332 9564 393
3 6353 6818 9651
3 9578 4069 6925
3 9838 168 6148
3 40 9659 229
3 1678 842 639
3 1688 6127 4877
3 2837 2412 8022
3 2859 31 6699
3 5628 4982 7423
3 6448 2469 6175
3 7602 802 7971
3 7850 4736 793
3 7889 840 152
3 725 9709 7557
3 9820 739 8576
3 502 2307 305
3 1426 6229 644
3 1778 6944 9540
3 2685 7959 2242
3 4291 5106 615
3 4688 5125 7742
3 6328 8028 9394
3 7694 8438 6952
3 7859 78 4099
3 8543 325 4488
3 8737 3318 613
3 9993 2101 2950
3 343 3841 9678
3 511 1220 649
3 1959 4567 2388
3 2169 4549 7395
3 5817 5959 848
3 6725 9595 8950
3 7960 1043 4826
3 9015 8643 13
3 9223 8804 5951
3 1869 4689 2137
3 4787 5631 9489
3 5558 9227 20
3 5719 34 2215
3 6473 5882 3679
3 68 4031 6746
3 5190 7803 7314
3 5422 3743 7581
3 5676 1080 6095
3 6034 8256 467
3 726 953 6225
3 1165 1377 1807
3 1979 3123 8097
3 2472 7631 414
3 3555 3903 1167
3 4855 9957 3396
3 4880 579 7826
3 6315 7532 8398
3 7697 640 4246
3 7994 4723 5950
3 8903 252 4811
3 413 4969 9313
3 1270 7132 2002
3 1892 6452 6563
3 3515 6005 7951
3 3698 5850 153
3 5443 5212 7176
3 5731 2669 9280
3 5881 7430 9475
3 9887 76 4173
3 9892 1590 6479
3 477 3509 293
3 860 1502 3806
3 2164 2304 740
3 4047 6922 5863
3 4298 8629 346
3 6357 8571 9274
3 7666 2929 9337
3 57 3621 6046
3 3665 4078 6740
3 4267 395 5146
3 4451 4750 9065
3 6189 2232 3233
3 6291 6674 5161
3 7496 1586 937
3 193 1369 1793
3 1549 2358 3246
3 1953 2898 7252
3 2019 2432 7713
3 2527 4245 4279
3 2629 3581 5026
3 4155 4679 1416
3 4554 7036 5346
3 4922 9524 949
3 5829 3146 5237
3 7906 8206 9830
3 8212 1276 3449
3 83 8821 1514
3 2799 4662 3261
3 3761 7024 9294
3 3902 568 2751
3 4249 554 5895
3 6104 1650 8355
3 6210 8986 8498
3 6544 868 1504
3 7565 7804 1194
3 8456 1286 8229
3 1084 2824 2668
3 2531 2634 9526
3 2533 3838 7236
3 3161 4030 6244
3 3482 7194 3930
3 3504 3748 7743
3 4311 4314 2303
3 4747 9157 4856
3 9234 2529 5387
3 16 3773 5200
3 23 7653 1118
3 444 4653 7813
3 1516 4537 9333
3 3263 982 1032
3 3431 6270 499
3 5714 6630 4176
3 7197 8675 1250
3 9105 4328 4767
3 9543 6258 9692
3 1031 5672 1201
3 1527 3332 5401
3 1532 3174 9958
3 2047 4501 8277
3 3911 7963 1986
3 4398 6294 6920
3 6664 7018 6828
3 7490 9458 2671
3 8440 8965 4605
3 9488 9496 4713
3 9635 675 8642
3 9810 1296 9551
3 1452 1891 4623
3 2442 4001 3125
3 3316 4578 2712
3 4841 6612 5980
3 4892 7559 1618
3 4914 6245 7150
3 8201 5373 6693
3 8952 2422 5769
3 9680 1027 3824
3 1606 2143 8729
3 2264 3513 365
3 3880 5834 6430
3 4935 5175 6744
3 5059 6852 6604
3 5199 6510 225
3 6494 8727 4775
3 6569 3407 7622
3 6822 9085 2328
3 6962 8179 7761
3 8289 9251 5043
3 8654 9260 8382
3 9711 4144 8918
3 459 4447 9655
3 858 4164 7828
3 3099 6093 8897
3 3747 5641 1865
3 4898 9858 3570
3 8067 9022 5400
3 8177 4407 5098
3 9002 30 8981
3 9149 3147 8593
3 115 8235 3274
3 4095 7237 1058
3 5097 9272 185
3 7418 1806 3547
3 7957 8808 4482
3 123 7849 9611
3 1898 2335 4562
3 1951 2402 8108
3 6118 6846 94
3 6130 8567 6669
3 6600 2570 7190
3 7600 1669 4558
3 9181 2946 6727
3 9624 1978 7665
3 9985 1132 4325
3 576 1110 7721
3 2235 6323 6590
3 3355 4156 6126
3 5471 6766 9073
3 5831 8472 7085
3 6002 7048 9927
3 6398 8756 2205
3 6851 8978 2046
3 1639 4197 2216
3 2220 2466 7127
3 2240 4840 3587
3 4546 6090 9771
3 4694 6472 7616
3 5077 5442 7899
3 6078 7315 7868
3 6899 8340 6711
3 6993 8388 8753
3 7247 896 6223
3 7273 2591 899
3 8393 473 5944
3 8806 3615 3883
3 1288 2582 9338
3 1754 6304 8734
3 1835 5505 7329
3 2333 5812 7634
3 3078 4804 9859
3 4489 7693 419
3 5019 8129 8572
3 5041 6524 8372
3 7805 9613 516
3 9745 160 2730
3 1266 1848 6774
3 1271 1774 6560
3 2105 2294 22
3 2911 4564 4172
3 3506 5323 3324
3 7460 8640 7815
3 101 1137 1192
3 143 1849 3933
3 1212 3878 1086
3 1313 3884 5189
3 2234 2549 9877
3 3265 5140 4746
3 3664 5621 5800
3 5460 6697 9013
3 5613 6990 4255
3 5702 6739 2754
3 6356 7275 2136
3 6671 9948 3873
3 8573 9603 8996
3 9003 1653 8021
3 2199 3281 4308
3 2237 6803 5134
3 3038 4312 8994
3 3439 753 2453
3 5276 7491 8773
3 7121 7123 6064
3 9134 1699 1480
3 417 558 5268
3 906 2390 5171
3 2781 3578 9029
3 2793 3402 7686
3 3097 3849 3782
3 4217 7931 550
3 5397 796 4599
3 6063 1127 1170
3 6581 9679 1656
3 9261 1488 5426
3 9744 2417 5598
3 381 4136 4918
3 1461 4818 6023
3 2016 2268 828
3 2289 5523 9194
3 2852 6595 7510
3 4196 5903 159
3 4394 6035 9844
3 5234 6831 1093
3 6414 1783 7117
3 6636 2775 3817
3 8084 219 2406
3 8411 472 2621
3 8716 2951 2334
3 9008 2444 8049
3 9230 3491 8789
3 1172 1624 4678
3 3131 3381 5246
3 3888 4613 4630
3 5253 6261 7400
3 6096 6132 8166
3 6520 8464 9901
3 7233 7786 8759
3 8316 133 3300
3 8793 279 4094
3 9759 893 2068
3 217 1627 1814
3 845 3262 4910
3 1404 2731 6373
3 1665 3334 8633
3 1867 1985 3965
3 3442 6529 9575
3 3783 5736 6432
3 5770 6227 218
3 6517 6953 2065
3 7309 7684 1221
3 7788 8618 2750
3 7903 8539 3401
3 8987 1208 2281
3 610 1781 5966
3 1801 2554 3584
3 1836 2711 4193
3 2987 3312 3744
3 3721 4088 4932
3 4479 4487 5313
3 5391 5398 1904
3 5577 5917 9535
3 5586 9502 3862
3 5972 7501 2722
3 6180 669 990
3 7925 7969 9534
3 8165 401 4894
3 651 3927 7110
3 1184 3445 545
3 1646 5104 5132
3 1899 5370 5481
3 3539 5064 6586
3 6417 7980 2464
3 6812 7898 2376
3 7371 9200 3085
3 7388 7675 1638
3 8665 2184 4538
3 9660 89 3124
3 934 1716 3216
3 1292 3947 7502
3 2326 3929 4628
3 2947 4428 8638
3 3076 3411 5594
3 4529 144 249
3 4544 5599 771
3 4981 7289 8694
3 7065 7672 1130
3 7695 292 2173
3 9754 9770 163
3 9846 977 6770
3 9882 1935 3521
3 9941 1299 7907
3 757 5345 6405
3 827 1683 2480
3 1928 2560 3424
3 2087 4669 7043
3 3017 3807 6259
3 5511 8015 9209
3 7664 7902 8525
3 8268 8584 2990
3 8842 207 1120
3 8934 930 2022
3 9156 304 6958
3 9356 5122 6068
3 894 1138 1870
3 1469 2057 3115
3 2050 6805 288
3 2463 2835 3580
3 2567 6307 9089
3 4163 4833 7096
3 6409 6973 241
3 6497 7608 316
3 7177 8732 1209
3 7744 1331 5429
3 9140 618 691
3 9670 2011 4842
3 157 3941 5804
3 199 7274 8853
3 3313 3610 4646
3 4149 7223 287
3 4553 8273 8776
3 4882 7014 8709
3 6331 7134 7553
3 7962 643 7216
3 9785 865 4337
3 9860 2179 2564
3 356 3353 6425
3 728 3178 4948
3 2227 5192 7878
3 3186 3541 5514
3 3893 5725 1841
3 4392 6897 8298
3 6301 6541 7640
3 7163 7544 8886
3 7642 8409 108
3 8068 9225 2418
3 8502 9152 819
3 9179 862 1574
3 9491 616 1971
3 1227 4789 5060
3 1277 1652 5718
3 1958 4226 5182
3 2288 2805 5329
3 3006 4355 5206
3 3753 5254 9647
3 4468 6513 9367
3 4714 6213 7019
3 5550 7229 186
3 5578 5663 9863
3 6387 6904 784
3 7298 7546 1495
3 7795 8870 1809
3 8534 8645 867
3 9100 2163 7948
3 9406 733 3425
3 9710 425 4143
3 2239 3536 4508
3 2563 2841 6087
3 3438 3798 5424
3 4598 5534 5848
3 4634 5658 347
3 5612 5825 8740
3 5741 6796 9553
3 5952 7087 800
3 6629 8310 8941
3 6814 9172 9617
3 8141 9232 9329
3 9870 348 4791
3 9885 378 1479
3 226 769 3208
3 1376 1563 2318
3 1615 1661 5510
3 1700 2201 3209
3 2344 4693 5573
3 2435 2689 5611
3 2577 3712 6620
3 3812 5771 8564
3 5958 6484 9582
3 7091 7349 789
3 7556 9590 128
3 9158 383 719
3 9423 9570 1403
3 189 1099 4726
3 1685 3917 4518
3 2152 4290 8103
3 4403 6748 9314
3 4906 6125 7441
3 4986 7333 7799
3 6253 7365 8309
3 7434 8321 441
3 8771 9346 415
3 9555 9876 633
3 9862 958 1949
3 349 1196 4709
3 1131 1235 1788
3 1494 3213 5294
3 1909 2451 2586
2 2012 4211
2 2470 4939
2 5183 5409
2 5316 6701
2 6692 6917
2 7060 7140
2 7459 7541
2 7580 7758
2 7835 8493
2 7946 8086
2 8064 9954
2 8347 863
2 9205 703
2 9819 203
2 291 361
2 831 1188
2 1119 1180
2 1230 1284
2 1679 1799
2 1868 2878
2 1993 2382
2 2356 2550
2 3327 3784
2 3859 5343
2 3860 4996
2 3949 5148
2 5379 8686
2 6279 6456
2 6457 8080
2 8282 8960
2 8379 9737
2 9323 4
2 280 693
2 388 405
2 509 782
2 935 1335
2 1105 2384
2 1323 1611
2 1732 1818
2 2035 2483
2 2498 4621
2 3247 3821
2 5410 6843
2 5694 7507
2 5779 8406
2 7479 7669
2 7807 7965
2 8412 227
2 8726 9372
2 8875 1046
2 9999 200
2 258 1111
2 268 2324
2 922 1074
2 1133 2378
2 1135 2789
2 2579 3394
2 3787 4254
2 4330 4344
2 4632 4633
2 4664 4675
2 4734 4950
2 5051 5833
2 5699 6085
2 6233 7307
2 6407 8970
2 7251 318
2 7753 8784
2 8410 8985
2 8955 9102
2 9663 662
2 9807 376
2 811 983
2 1029 1553
2 1987 2086
2 2311 2373
2 2386 2405
2 2541 2942
2 3292 4107
2 3386 3639
2 3389 3922
2 4461 4979
2 5356 6500
2 5844 5977
2 6635 7791
2 6983 8523
2 7667 8461
2 8791 9636
2 9604 342
2 9701 9724
2 9742 173
2 491 741
2 794 2030
2 2410 2508
2 2676 2715
2 3199 3385
2 3827 4425
2 4371 7322
2 5005 5177
2 5327 6158
2 6371 6434
2 7092 7399
2 8164 8602
2 8374 8491
2 8731 9162
2 9148 9186
2 9533 9557
2 9632 621
2 9644 9717
2 409 872
2 1534 1918
2 1992 2883
2 2825 3008
2 3756 3819
2 3866 4220
2 4273 4369
2 4810 5413
2 5187 5266
2 5885 6242
2 6254 6420
2 6647 7627
2 7340 7820
2 7706 7992
2 8136 8872
2 8725 821
2 9342 9773
2 69 917
2 148 984
2 195 1206
2 1045 1329
2 1063 1415
2 1439 2934
2 1554 1705
2 1897 1969
2 2747 3225
2 3267 3799
2 3794 3935
2 4323 4978
2 4435 4651
2 5073 5210
2 5399 5643
2 5957 6678
2 7069 8857
2 7228 7636
2 7712 7832
2 9282 312
2 9609 435
2 9977 483
2 437 605
2 508 652
2 901 1610
2 1731 2172
2 2166 2427
2 2503 3058
2 2803 2873
2 2884 3144
2 3227 3466
2 3474 4237
2 3620 4260
2 4032 4103
2 4214 4356
2 4535 5045
2 4807 5167
2 5265 5361
2 5470 7165
2 5840 5853
2 5883 6234
2 5979 6480
2 6174 6499
2 7033 7243
2 7093 7393
2 7264 7938
2 7276 7736
2 7408 8613
2 7547 9963
2 8728 8879
2 8758 194
2 9159 9327
2 9362 1654
2 179 2330
2 987 2425
2 1305 2996
2 2500 3636
2 4224 5350
2 4372 4758
2 4822 4860
2 5340 5745
2 5508 6077
2 6654 6841
2 6675 6901
2 7097 7172
2 7416 7588
2 7793 8142
2 7915 8395
2 8507 8535
2 8570 8778
2 8770 9070
2 8780 9011
2 9775 9787
2 9822 111
2 118 184
2 192 209
2 303 1142
2 596 2170
2 2206 3476
2 2556 3082
2 2769 3530
2 3879 4891
2 3984 4732
2 4577 6853
2 4890 4972
2 6187 7059
2 7427 7789
2 7639 8144
2 8117 8311
2 8786 9749
2 8877 9380
2 9415 729
2 478 482
2 1614 1728
2 1831 2520
2 3044 3189
2 3777 4175
2 4285 4376
2 5067 7086
2 5107 5557
2 5279 6128
2 6141 7098
2 7561 7856
2 7578 7883
2 7942 8038
2 8114 8961
2 8224 8405
2 8361 8417
2 8975 9264
2 9218 9571
2 9421 9931
2 121 274
2 230 908
2 1485 1695
2 1517 2512
2 1972 2771
2 2485 2808
2 2812 4523
2 2974 3716
2 3493 3717
2 3727 4952
2 4724 5747
2 5696 6614
2 5906 5993
2 5983 6902
2 6156 6308
2 6411 7075
2 7590 7741
2 8061 8244
2 8135 9556
2 8272 9436
2 156 1350
2 781 1496
2 1625 3685
2 2039 2098
2 4232 4470
2 4699 4899
2 5483 6177
2 5504 6682
2 6559 7077
2 6720 6833
2 6937 7045
2 7187 7483
2 7606 7847
2 8002 8462
2 8009 256
2 8075 8530
2 9031 9793
2 61 311
2 424 507
2 574 833
2 1177 1226
2 1283 1937
2 1749 2110
2 2271 2272
2 2532 2602
2 2827 3635
2 4063 4098
2 4333 4845
2 5213 5304
2 5533 5727
2 5617 5870
2 6265 6429
2 6428 6545
2 6607 7730
2 7017 7864
2 8011 8045
2 8110 8561
2 8220 8542
2 8500 9736
2 8698 8797
2 8880 81
2 9126 428
2 682 866
2 795 1006
2 1171 1326
2 1501 1513
2 1634 1753
2 1696 1917
2 1804 1984
2 2231 2298
2 2447 3023
2 2657 4297
2 3053 3059
2 3108 3690
2 3307 4427
2 4440 5158
2 4588 4876
2 4913 5023
2 4966 4980
2 5260 5262
2 5377 5382
2 5783 5938
2 6026 7248
2 6971 7404
2 7068 8494
2 7337 7533
2 7550 8556
2 8159 8635
2 8868 9301
2 9357 9686
2 9457 406
2 9498 803
2 538 1166
2 903 1622
2 959 1703
2 1789 2252
2 3268 3993
2 3469 5480
2 4262 4305
2 5008 5754
2 5907 6551
2 6075 6293
2 6539 6998
2 7022 7138
2 7030 7292
2 7139 7367
2 7682 7711
2 7830 7833
2 7929 8190
2 8441 8473
2 8850 8924
2 9007 9296
2 9521 9910
2 9932 182
2 1275 1762
2 1307 2583
2 1932 2357
2 2310 2393
2 2673 3266
2 2900 3361
2 3205 4591
2 3534 3846
2 4770 5472
2 5585 5910
2 5632 6021
2 6098 6237
2 6257 8555
2 6412 6617
2 7067 7584
2 7453 7514
2 8592 8968
2 9823 658
2 603 668
2 1149 1191
2 1824 2138
2 2645 3286
2 3154 3416
2 3705 4060
2 3854 3963
2 4019 4048
2 4283 4453
2 4793 4893
2 4830 4923
2 4843 5693
2 4851 5010
2 5281 5900
2 5926 6848
2 6393 6519
2 6533 6799
2 6859 7102
2 7129 7688
2 7281 9042
2 7523 9577
2 9044 9698
2 9548 25
2 224 275
2 341 452
2 698 1190
2 921 1612
2 1770 1878
2 2026 2385
2 2546 2664
2 2899 3382
2 2928 2961
2 3169 3810
2 3591 3994
2 3611 3803
2 4236 4911
2 4571 5100
2 5430 6222
2 5640 6040
2 6454 6643
2 6961 7574
2 7000 8001
2 7071 7985
2 7658 9297
2 8085 8541
2 9189 9411
2 9311 27
2 9861 238
2 9914 54
2 319 468
2 526 582
2 659 746
2 886 972
2 1302 2153
2 1775 2656
2 2280 2662
2 2709 3454
2 3523 3619
2 3696 4009
2 3719 3990
2 4691 5809
2 5538 5838
2 5828 6119
2 6031 6185
2 6195 6334
2 6290 7852
2 6509 6592
2 6862 6923
2 7782 7890
2 8000 8231
2 8334 9146
2 8554 9059
2 9101 9229
2 9204 9270
2 9554 180
2 9972 412
2 999 1134
2 1316 1777
2 1667 1873
2 2038 2980
2 2525 3156
2 3413 3754
2 4209 4821
2 4525 5386
2 5549 5635
2 6199 6516
2 6283 6391
2 6491 6772
2 6850 7504
2 7011 8109
2 7261 7488
2 8034 9024
2 8118 9825
2 9720 379
2 9933 422
2 573 1087
2 1237 1725
2 1308 2010
2 1880 2154
2 2758 3645
2 3383 3843
2 4034 4252
2 4132 4520
2 4174 4556
2 4581 4987
2 4705 5257
2 5014 5227
2 5697 5778
2 5859 6163
2 5949 6792
2 7222 8098
2 8318 8546
2 8344 8508
2 8757 9336
2 9150 9400
2 154 533
2 360 583
2 911 1290
2 986 1374
2 1401 1664
2 1915 1964
2 2431 2733
2 2706 2858
2 3201 3628
2 3340 3643
2 3546 4062
2 3788 4438
2 4976 5049
2 5029 5108
2 5153 5342
2 5406 5466
2 5527 5539
2 5619 5820
2 6631 7005
2 7042 7822
