160
4 28 45 203 406
4 35 50 92 435
4 93 361 332 456
4 97 461 358 483
4 190 359 414 489
4 196 365 387 353
4 197 377 433 117
4 252 390 324 394
4 286 95 18 81
4 333 307 391 204
4 369 114 431 247
4 420 148 438 27
4 423 94 8 59
4 441 103 163 251
4 12 110 276 401
4 47 146 364 124
4 326 224 22 164
4 256 229 23 468
4 299 250 65 37
4 306 272 400 57
4 482 327 5 87
4 454 380 437 143
4 212 402 294 168
4 86 436 397 178
4 33 464 66 184
4 165 479 129 253
4 301 480 269 293
4 108 300 172 303
4 21 14 71 317
4 352 213 362 318
4 170 258 36 338
4 310 319 54 344
4 311 24 186 346
4 322 337 217 354
4 330 120 411 389
4 376 147 46 416
4 419 360 104 471
4 17 399 347 159
4 410 141 102 56
4 462 155 134 69
4 473 105 140 259
4 499 188 157 289
4 421 403 167 32
4 279 99 176 185
4 72 278 215 80
4 448 195 260 274
4 475 341 331 282
4 484 372 368 62
4 113 443 408 67
4 34 334 415 88
4 60 48 417 98
4 38 495 457 125
4 434 111 485 137
4 189 231 288 206
4 409 61 266 209
4 221 187 430 211
4 199 208 328 291
4 455 249 392 296
4 64 55 225 308
4 385 356 29 386
3 10 449 472
3 267 345 152
3 450 16 174
3 494 200 177
3 11 207 412
3 261 284 429
3 1 123 198
3 154 106 395
3 439 237 490
3 162 339 9
3 375 128 42
3 315 138 43
3 73 245 53
3 158 2 58
3 181 51 75
3 201 63 82
3 384 68 122
3 427 83 127
3 447 84 222
3 156 96 223
3 234 150 227
3 486 171 248
3 175 191 366
3 242 194 393
3 193 205 404
3 240 246 478
3 214 255 487
3 101 287 491
3 432 357 218
3 166 370 41
3 292 488 79
3 271 371 115
3 351 7 25
3 182 52 116
3 219 298 30
3 91 277 49
3 283 89 133
3 467 0 145
3 350 263 179
3 451 268 216
3 13 336 220
3 407 244 239
3 26 452 243
3 254 15 290
3 425 498 321
3 446 139 349
3 329 40 398
3 236 76 413
3 422 373 440
3 459 453 466
3 149 302 136
3 442 153 39
3 444 363 85
3 180 295 126
3 70 44 169
3 151 78 238
3 233 280 257
3 379 285 262
3 396 460 314
3 463 74 323
2 273 382
2 235 426
2 3 458
2 474 477
2 304 481
2 367 493
2 6 20
2 192 160
2 230 100
2 388 119
2 348 132
2 144 325
2 226 335
2 378 343
2 492 374
2 497 465
2 19 470
2 320 496
2 264 4
2 424 77
2 121 118
2 112 130
2 210 131
2 445 135
2 405 161
2 107 183
2 109 228
2 90 232
2 31 270
2 142 275
2 173 281
2 202 313
2 241 316
2 265 340
2 297 355
2 305 383
2 309 418
2 312 428
2 342 469
2 381 476
