1628
4 8470 5048 3411 6694
4 4318 9368 5834 5892
4 7807 3708 1642 6278
4 7474 1853 8267 2705
4 6800 4940 4618 7007
4 7290 162 1683 8827
4 5424 2567 8199 1151
4 5594 6922 2541 1999
4 8311 5584 7272 7147
4 8132 577 5496 6966
4 5010 4255 2889 7015
4 1522 8766 3472 3030
4 4251 5237 7361 154
4 8437 9606 9502 6472
4 9946 2098 8058 2377
4 9614 9957 3662 9360
4 8284 895 4577 5722
4 234 6252 3373 2969
4 8562 2808 1635 8488
4 3632 5325 300 298
4 7444 4631 5122 8511
4 7950 885 3251 5160
4 4406 1374 9023 7605
4 3262 3306 8224 5502
4 59 7212 7527 9455
4 7923 9843 6081 4023
4 8059 7406 2272 2721
4 3825 4983 3888 9441
4 1668 5663 5142 7693
4 7480 4249 7349 9101
4 6714 5925 7519 5443
4 604 6511 8937 9207
4 5366 9624 979 7935
4 1988 6111 6509 9342
4 1976 1529 1415 1585
4 6028 8409 5923 6687
4 1174 4746 4042 7639
4 8287 5196 2151 1458
4 60 7096 3597 9762
4 5052 7068 4766 8057
4 9201 2710 8282 1631
4 5652 17 8143 1190
4 6189 7483 3486 5852
4 1110 3547 4953 7714
4 384 6390 6492 9211
4 6613 3212 7764 9775
4 4573 5516 6801 6546
4 4285 5113 2041 3151
4 8654 8656 8144 5390
4 5451 2052 304 561
4 2243 8072 719 7381
4 4775 3045 9134 1080
4 780 4053 7731 6007
4 4176 7836 164 1229
4 9523 951 5740 4558
4 1518 5932 6149 1362
4 8393 3976 2147 8385
4 9070 8074 1047 5134
4 825 5276 3813 8341
4 1162 6777 9742 5021
4 7159 9818 6973 6251
4 8161 836 5250 9449
4 9359 2499 2928 5478
4 3322 3645 733 9883
4 5492 9779 7405 8963
4 6778 1556 6593 4866
4 4679 7567 1109 798
4 7726 22 256 3926
4 7924 7407 4625 8177
4 8321 3309 6525 6332
4 7648 7413 8408 2840
4 2962 9230 7952 2866
4 5553 6559 4129 4548
4 2190 2106 7323 1661
4 1013 7851 7865 9253
4 6064 4104 7409 3409
4 4474 9722 2733 9657
4 1969 7906 4709 8061
4 8231 5253 6493 315
4 771 6870 1210 5218
4 7878 4151 3019 3966
4 1856 8044 8028 312
4 7083 9443 1639 7588
4 5954 3691 1469 1869
4 6291 172 826 1572
4 3678 204 7733 9329
4 9962 2047 5828 7864
4 4473 2091 7041 5589
4 5332 1920 1084 5723
4 4170 2726 811 2131
4 29 2572 5799 9601
4 2749 3078 3429 9345
4 1636 9495 9605 196
4 634 714 1778 3111
4 1898 4126 6491 3224
4 1021 1376 2309 1456
4 5891 654 287 6079
4 6974 6848 6965 2832
4 8413 4463 2104 7416
4 6463 4187 4694 170
4 5817 8952 5939 9322
4 2944 2741 4144 9408
4 1321 1308 2007 8577
4 1372 45 3653 2128
4 8803 8838 2885 5564
4 8420 5853 8110 1284
4 2028 4747 5867 4308
4 8877 4066 2280 9404
4 8363 4703 9333 3238
4 4833 2384 1318 1126
4 7025 2038 8676 741
4 1570 6417 629 4676
4 8900 6945 7321 7251
4 8272 1971 1466 193
4 6741 3120 5444 3241
4 2939 2597 4963 5754
4 9386 5995 685 2978
4 1803 5345 3064 7585
4 8533 6257 8780 2635
4 8401 3920 9036 8496
4 6678 669 1761 8374
4 3975 1498 2011 1183
4 5614 1338 8919 404
4 1055 1894 1483 8842
4 9165 4867 9529 9499
4 4950 2141 8032 1059
4 8609 3121 9080 2082
4 1087 6296 3619 7081
4 605 3473 5903 6287
4 7745 3095 1514 8546
4 5256 9829 325 1264
4 9990 3451 8232 8391
4 3073 4670 5544 9794
4 3082 995 61 7794
4 8982 394 70 7453
4 7744 28 6688 5288
4 6098 5865 8331 6323
4 6186 9737 7249 1698
4 6453 1199 3515 2207
4 7467 3937 3649 4512
4 1982 3657 2980 917
4 3731 1096 2199 763
4 8407 2095 2525 8412
4 3842 3983 3416 7331
4 8253 3360 9471 8590
4 3987 1429 9229 2547
4 6719 7556 990 6670
4 8196 8418 1868 8611
4 7712 5593 4211 7020
4 8879 643 3685 4647
4 208 1524 9701 8739
4 5849 1353 6764 9292
4 2080 898 2194 481
4 1357 3765 4515 8762
4 4808 2652 7775 2773
4 7464 1009 7037 6816
4 1248 2608 8783 3192
4 9263 1720 8576 8330
4 5055 2498 2248 5605
4 2999 7606 7993 4054
4 3654 2789 2672 986
4 7732 3504 152 5126
4 7064 9988 5811 2873
4 4786 638 5657 7328
4 5074 9369 3265 4616
4 6581 1316 7171 5484
4 5211 7139 3494 2149
4 209 2025 4752 6452
4 7756 8212 4883 1060
4 6320 9137 4880 2729
4 1601 169 8743 5863
4 2368 9870 3066 406
4 9483 7946 2033 9097
4 2277 376 270 1660
4 4902 331 7660 4029
4 9200 1664 1221 3139
4 6289 4016 9466 6173
4 9806 4714 2857 6986
4 7818 252 2563 3768
4 3443 9198 7411 7621
4 6756 5639 4643 809
4 69 5856 4145 4338
4 7586 3144 7563 6533
4 9773 1273 5794 6840
4 7809 6339 7069 3609
4 8725 5812 4388 5927
4 723 8265 2159 9666
4 2486 4153 1146 4168
4 7954 3323 630 8075
4 7095 8886 1892 7352
4 565 7131 1679 390
4 5592 399 1624 4778
4 3126 1754 8312 5289
4 8384 7183 4920 2180
4 9942 1604 4584 6648
4 147 7146 3528 8867
4 6640 3465 3773 9787
4 3927 1100 6746 3779
4 1729 9429 8964 1597
4 9423 8456 6635 4770
4 2836 1061 1435 2963
4 1336 3363 7642 1578
4 1476 9954 7789 1008
4 225 2843 5330 6475
4 5835 9024 4297 6591
4 4619 616 316 5404
4 973 8221 9772 2910
4 8702 8187 6263 772
4 1526 4574 3936 1355
4 3089 1045 4593 5922
4 1001 9765 6978 7390
4 9102 8474 5085 3776
4 5156 2148 3681 2374
4 6157 6308 5912 2678
4 3028 5117 3626 7882
4 9968 1671 8298 202
4 2776 5596 5967 9132
4 4965 7880 2906 6120
4 7447 6994 8209 438
4 711 6708 9249 4648
4 620 9566 417 7012
4 9896 5175 659 9331
4 656 49 9859 3640
4 9029 2179 7499 8850
4 3105 9149 2831 965
4 9714 6127 7724 8515
4 1358 5064 9932 2833
4 9545 8615 6745 9591
4 1512 4412 9556 8535
4 4858 6725 6478 1193
4 2634 6160 5306 4409
4 3935 9114 9011 5985
4 2097 1153 4019 5504
4 7622 4995 4754 7776
4 4946 6789 7122 8
4 3679 3641 7393 2421
4 9855 9418 89 1789
4 9553 5929 7105 4355
4 5870 1505 4080 6843
4 2961 1735 1605 3059
4 9856 529 428 2810
4 7907 1508 3070 3183
4 8677 3781 3403 5043
4 2016 4498 3169 1670
4 153 7799 952 1706
4 4469 8138 1854 2350
4 9649 4738 3552 2605
4 9611 9952 9945 6089
4 7530 6484 1633 5741
4 9048 1302 9160 2431
4 9690 1121 2582 697
4 3147 9347 3593 9199
4 9958 307 8348 878
4 9003 1952 457 1360
4 5833 4098 520 347
4 4723 2125 6554 997
4 2565 4184 6547 12
4 9073 9100 4466 5819
4 179 3275 6561 7646
4 1716 3852 5724 9163
4 291 1559 87 3831
4 6153 9617 4532 81
4 2633 762 1491 9327
4 6803 6095 2314 6732
4 5266 2504 7751 4120
4 5088 2306 941 302
4 4701 5855 1829 1074
4 9876 6419 4810 138
4 8581 338 6167 3093
4 4417 346 9044 1270
4 5020 6782 1547 8741
4 448 9248 8323 1254
4 8203 7534 2122 9244
4 220 4708 4329 6888
4 7248 3891 9457 6979
4 8846 2472 8634 3006
4 9508 8991 9405 9416
4 3683 9026 6248 4843
4 7668 6999 1558 449
4 8451 133 5082 3804
4 3548 8397 6261 203
4 2598 3591 8424 830
4 4695 7800 3753 4876
4 3099 935 7772 2847
4 7525 1653 6130 127
4 1377 8806 355 7737
4 5570 149 5382 6217
4 2202 2751 8637 9672
4 9620 3248 97 1022
4 5989 1058 5059 4533
4 2196 2592 7944 7441
4 6415 3727 396 1777
4 8639 3756 4337 3051
4 3092 8721 891 3901
4 5096 1098 7616 2427
4 407 7604 698 2090
4 7529 1590 9290 134
4 1591 4208 1454 3321
4 7850 1029 819 5300
4 2115 8276 5322 4028
4 9376 2424 5423 4728
4 2120 8709 1002 436
4 6656 3444 2734 4178
4 7466 7509 1227 7846
4 160 1615 6864 7487
4 8233 5341 7130 3366
4 2335 9922 1909 6539
4 9196 628 6560 2790
4 7736 6393 2154 7560
4 6735 6083 6693 9224
4 6148 7666 4972 3741
4 3519 5429 2348 3232
4 1131 2996 2947 7866
4 5295 6929 5268 4045
4 3339 2116 2756 2691
4 7333 6556 129 4020
4 8791 7206 5413 4744
4 7436 7479 5907 9727
4 5231 9339 2913 7429
4 1378 4791 4996 5560
4 7819 2229 9039 387
4 9710 6355 1956 1606
4 5886 8664 9669 4894
4 9594 5179 9867 8690
4 5773 880 3215 985
4 2045 7036 9064 4113
4 8035 3106 8749 4586
4 4164 1763 5252 8344
4 2376 2611 5577 469
4 293 2036 8834 5002
4 846 430 6220 9422
4 3370 4291 2117 8691
4 4315 3914 2221 5505
4 9588 435 6035 957
4 3228 477 2239 6837
4 5772 464 953 9323
4 8788 103 609 9745
4 2545 1340 1851 3660
4 4879 9986 6681 9792
4 3208 2990 8135 3652
4 1287 6239 5563 1346
4 4175 3031 8463 4733
4 7631 3745 3133 8045
4 1347 8990 2451 9084
4 4871 2805 7266 7598
4 8756 6580 1924 4446
4 4147 2342 8773 1911
4 5776 245 4610 1738
4 9267 8257 3712 3063
4 6989 9187 8551 8878
4 2506 55 8778 8230
4 848 5513 5448 9110
4 6112 7841 4453 2868
4 4215 1908 4652 5243
4 1762 2732 1709 1764
4 4977 1157 1053 4698
4 7715 4875 9812 7982
4 2070 3466 7523 7124
4 8751 8641 9630 775
4 4320 8441 754 9500
4 8086 7318 2867 5717
4 7896 3655 1457 6723
4 7253 4823 8108 9816
4 4912 5624 4633 310
4 6206 3325 8695 6216
4 7577 5460 4971 7928
4 6315 3905 4335 4231
4 7391 1599 6456 1665
4 8263 9631 5430 7396
4 4194 4534 5561 6348
4 1464 9018 9236 544
4 8941 5262 3871 2446
4 7672 3096 1184 3867
4 5380 9840 1705 4012
4 3293 6958 4571 7926
4 1970 1010 8555 615
4 5168 550 1413 1499
4 7526 381 2911 753
4 9535 7040 5259 5822
4 5882 1128 9858 2054
4 831 7265 2365 9030
4 2540 800 313 8856
4 4538 1 8359 7709
4 7033 7587 2967 6397
4 9771 6462 7805 8475
4 5981 7913 1473 3193
4 8152 7759 4397 1395
4 6016 1713 190 4006
4 1848 513 5014 8283
4 1723 16 4897 2797
4 4374 5219 359 1655
4 7678 4907 2401 8902
4 9370 5387 8491 3201
4 4095 5170 2334 933
4 8473 9380 3579 1818
4 8726 2544 2579 4027
4 1687 2123 4857 3254
4 9578 6483 3313 5369
4 1980 5476 7057 6875
4 7504 4099 6412 8812
4 1741 6957 3670 1299
4 2086 9354 8376 3477
4 3954 9247 2583 3735
4 8881 7888 845 1727
4 4945 3555 9694 2763
4 9212 6976 2356 1239
4 5260 4266 5124 932
4 9001 5573 3573 5293
4 7023 5308 6853 1091
4 553 8997 1878 950
4 6876 5905 4570 8955
4 6073 2253 5689 981
4 810 1350 6809 3365
4 6190 2175 9674 9581
4 7691 2536 2801 8446
4 586 9941 8972 580
4 9613 2752 1410 2358
4 8116 4826 7238 7383
4 1839 3060 3884 4394
4 3997 3844 5483 6901
4 8626 7727 7252 2897
4 82 40 3616 3061
4 373 2305 6842 5292
4 8197 576 8494 3462
4 3821 1645 7307 9791
4 5488 2775 6501 3046
4 5028 6259 7357 670
4 1012 4851 7921 1320
4 1717 6359 4321 8304
4 1090 4 5190 8107
4 1640 3639 7876 1832
4 6049 3389 6269 585
4 263 7098 3423 3392
4 2345 7634 2435 3158
4 6273 1623 9285 527
4 877 4002 8113 7422
4 3029 4514 5070 6806
4 4228 6549 6400 1133
4 7551 911 6464 853
4 3587 5644 6171 6884
4 6579 7281 673 2327
4 2546 1099 1807 9720
4 666 3226 7003 3971
4 8811 1985 8022 5942
4 9959 7123 4000 9291
4 5898 9409 6242 4781
4 9154 546 7917 6001
4 1767 7963 2766 8665
4 7710 2066 1972 2378
4 226 7842 2088 7601
4 8733 9311 4155 4979
4 5378 7507 2908 3833
4 9124 8373 9584 3372
4 5793 2754 9895 4309
4 9019 4356 5281 9240
4 4637 9752 2852 6282
4 6352 7233 8127 7128
4 1714 4635 7289 2263
4 9094 6557 1235 2044
4 8614 6471 5225 3671
4 3980 4438 4219 7264
4 1427 9 6751 943
4 3608 8040 1070 6460
4 3728 2839 883 6011
4 1049 2518 2918 9373
4 500 3887 3478 1548
4 4916 9063 2551 1516
4 2228 6232 8285 660
4 1627 2864 3931 6108
4 6231 3754 7827 8104
4 3636 6776 7250 1317
4 703 393 5313 9216
4 1237 7856 1871 9195
4 2096 2578 6638 1168
4 4092 9721 9143 8685
4 2437 6534 3194 4047
4 954 8433 9431 9754
4 3037 2819 221 9839
4 4874 5171 4734 7718
4 9554 4055 4768 427
4 7276 2952 2423 1887
4 9602 9838 2 382
4 5676 3355 4845 7894
4 2271 2176 314 9739
4 432 4621 148 6441
4 8036 9873 5401 8521
4 8382 4444 3102 2948
4 8601 9478 4856 7780
4 9490 9035 769 8719
4 6284 3290 7268 3837
4 3446 2492 1404 3287
4 6715 7492 9266 496
4 4167 9065 3299 4166
4 8392 4344 5280 8499
4 2521 2957 6166 6442
4 5487 7325 7909 4186
4 8004 2966 6337 2181
4 572 1348 2177 3861
4 6213 5093 5972 9686
4 6128 6939 2594 3025
4 2674 1462 3969 1306
4 1509 1019 5086 8657
4 5959 598 7424 3150
4 9984 5204 6727 3329
4 5694 1737 3088 8476
4 821 2811 1307 8899
4 2899 1137 2337 7115
4 6831 124 4132 2269
4 1975 9813 6629 6373
4 7734 540 5574 9463
4 1701 4957 5601 9050
4 2488 6932 8117 8436
4 5083 8876 6574 9903
4 9802 1020 4366 3159
4 1694 9569 3110 3710
4 1203 6387 6031 3787
4 3509 329 6333 9536
4 3558 6676 8528 832
4 9768 279 2591 782
4 7172 2686 6311 1102
4 3449 6229 2532 6610
4 5296 5678 1329 4431
4 9597 2002 549 7203
4 2006 3263 2201 925
4 6466 8859 5079 9644
4 8406 9540 6230 4872
4 7415 9634 5180 6946
4 379 636 7378 4316
4 4056 9021 4531 3707
4 2288 2089 3260 3763
4 7647 4595 738 5667
4 4202 5383 502 7477
4 4325 1718 1196 1470
4 8454 3838 5030 367
4 8742 2318 2974 6543
4 9814 2585 6781 7297
4 968 7445 6757 3501
4 3810 5917 8314 5394
4 9203 7202 1609 2197
4 9589 4322 5536 2010
4 6154 1943 3783 2026
4 9045 9489 4769 1245
4 2884 3104 1400 7430
4 7979 3536 5009 9066
4 7258 6985 2333 7004
4 7217 4064 9638 3331
4 3410 894 3620 4484
4 228 9902 6097 330
4 1875 5278 8062 2478
4 7103 6852 8237 2279
4 6404 4301 3761 5216
4 7145 3217 5935 159
4 7936 2389 1297 2255
4 6602 3242 8599 9989
4 1678 7119 1258 7295
4 9894 4547 6247 345
4 7104 516 7548 993
4 7863 3233 3384 3301
4 4644 8356 1768 8013
4 3502 9355 1181 1990
4 3112 2561 1588 6040
4 3114 4739 9197 6445
4 4103 4429 2289 1977
4 9307 7901 8297 8295
4 7881 3279 2129 4799
4 8911 7052 6749 5990
4 9965 9951 8559 6931
4 9769 8917 5658 1858
4 9213 5880 8530 9145
4 6935 3757 6671 8693
4 6814 1561 2035 1373
4 7596 2493 2252 2816
4 9031 936 7408 5472
4 2295 9996 4520 7270
4 1418 8593 2092 6401
4 4788 1296 1440 5757
4 9527 7166 9357 4927
4 2267 9016 2396 3243
4 4490 3337 7038 8182
4 9685 54 8398 3874
4 3047 4847 8038 4075
4 5005 7071 8608 9947
4 63 2924 3347 9970
4 6389 9325 726 7185
4 297 7090 4365 5217
3 3791 9849 8130
3 992 108 2357
3 7210 8824 8669
3 8440 884 1243
3 2795 2709 4966
3 8663 4100 7890
3 3824 4599 7283
3 197 5446 2568
3 2417 4519 9948
3 5916 6812 1494
3 8346 7339 8173
3 9561 5015 6324
3 919 4206 601
3 7194 2794 7126
3 139 2602 6394
3 9713 3643 4909
3 9014 8853 1797
3 251 3247 6860
3 2165 462 2875
3 3072 5167 3296
3 3849 1502 1551
3 7237 372 4305
3 3485 5195 6765
3 7740 2895 7314
3 5007 5869 822
3 8320 1283 1167
3 4244 8486 6783
3 6052 5282 72
3 5896 4646 5437
3 4793 1801 9643
3 8671 3917 8291
3 6076 1770 4159
3 8745 6413 3650
3 9879 8018 5098
3 3352 5205 2771
3 5622 7748 4949
3 7032 8432 5246
3 3563 5531 4592
3 9397 8617 571
3 6107 6228 7711
3 574 3505 4282
3 614 1271 1392
3 7613 8930 8600
3 7540 739 5607
3 9182 6623 3807
3 3944 1344 3108
3 3698 2548 7758
3 7684 5503 6792
3 5728 6961 8461
3 6226 750 1944
3 2538 2300 8753
3 729 6450 7716
3 3391 5498 1113
3 5060 2619 2298
3 5986 795 455
3 6143 1106 9758
3 7919 8849 3314
3 37 3749 5395
3 2232 9684 536
3 8924 9365 6716
3 5839 403 3739
3 7824 5697 5677
3 7685 1847 8844
3 9254 348 6115
3 4918 5072 535
3 4609 7125 3422
3 6275 8434 2698
3 6434 4636 2656
3 1252 6198 9534
3 9756 1453 6358
3 799 9491 8011
3 7426 4521 9899
3 5299 7568 9027
3 4948 688 1919
3 360 9006 6145
3 7667 4456 6044
3 4169 6003 1722
3 1401 4460 109
3 9678 8797 6114
3 1973 9286 1544
3 1265 1750 874
3 5315 4824 9702
3 7690 1571 7899
3 2015 8822 1690
3 9579 5610 231
3 7817 4516 8882
3 9913 1159 9877
3 5090 8502 3467
3 7961 4659 7959
3 5416 6747 4204
3 9799 3677 6122
3 2274 1584 5956
3 9532 120 1132
3 8222 4596 5379
3 4942 9128 5693
3 537 532 4753
3 9726 8578 2622
3 8079 2848 9503
3 150 7822 5222
3 7236 2872 2311
3 3715 7729 7366
3 8478 8563 8813
3 725 2153 637
3 7542 5556 6135
3 8694 5991 742
3 2065 3085 422
3 9618 7637 8464
3 7410 1436 499
3 3415 7121 4767
3 7861 2671 2049
3 1955 1946 5672
3 1734 1148 7932
3 6459 1323 9476
3 2308 5309 612
3 2610 3382 352
3 9568 2576 9206
3 305 4427 4426
3 3736 2107 2200
3 9166 9586 5857
3 257 939 7528
3 4937 1555 8809
3 684 1379 3702
3 593 1619 7460
3 5940 74 3413
3 1726 7246 921
3 8252 6644 1426
3 5001 5725 2442
3 8430 764 686
3 9256 671 6892
3 5625 8034 7260
3 2861 282 2084
3 3928 3840 6690
3 2937 5049 4061
3 2259 8610 7058
3 915 5530 2416
3 8779 1806 9153
3 2715 5628 667
3 2685 8043 5347
3 5686 3386 9565
3 7229 3302 1068
3 3177 2407 9915
3 4179 1450 9781
3 926 409 8748
3 3001 3526 2784
3 7148 7987 4597
3 2278 3673 8357
3 1827 9976 6536
3 3795 7989 7355
3 3939 5525 1269
3 2828 5578 3556
3 2636 5915 6660
3 2282 2373 3419
3 9398 8737 4575
3 4200 8139 5900
3 8128 3809 1519
3 2584 7293 3354
3 4731 7298 7388
3 8115 8965 1823
3 689 6177 4486
3 4240 2812 2206
3 7793 554 412
3 7868 9164 7957
3 3038 5213 4435
3 9751 9575 1465
3 7749 2877 9319
3 8711 8466 2834
3 2382 1534 4492
3 4161 1430 5753
3 803 3513 3590
3 9010 8734 8816
3 7699 8758 450
3 6748 2398 6219
3 9241 7843 3644
3 1122 505 4653
3 6699 1086 2564
3 8063 8180 175
3 5317 5485 8042
3 8889 4656 271
3 7579 4018 8735
3 887 1903 8776
3 378 6343 7111
3 4230 2993 4026
3 9246 7611 3919
3 7177 267 3523
3 4524 4827 9269
3 4279 5011 5595
3 8167 6292 1582
3 2514 8497 7636
3 6627 705 5038
3 111 8270 7257
3 3476 8358 1686
3 4273 1370 8065
3 53 1787 2130
3 5193 559 7582
3 1882 7915 5829
3 693 7196 9826
3 6351 3582 8246
3 2620 8275 8541
3 5521 8707 277
3 6947 424 5709
3 8340 7653 2322
3 4955 3278 4888
3 675 5073 9950
3 7608 8915 8594
3 6830 7826 1607
3 5435 8241 6553
3 3694 7594 641
3 4924 2448 9440
3 913 3899 2858
3 2183 7766 8053
3 727 8506 4377
3 5602 9250 9723
3 8501 3972 2925
3 8336 5931 3751
3 1728 8056 8268
3 6255 8987 4839
3 2985 4604 6212
3 6377 7557 8100
3 4090 3945 5557
3 6409 9978 7533
3 9784 83 6403
3 6733 6010 1897
3 3697 4491 5692
3 2461 5328 3538
3 3559 6109 9277
3 3318 9168 2284
3 5187 644 8784
3 3689 3 9475
3 2212 2264 6290
3 7554 4675 9210
3 4078 690 9264
3 9525 7988 827
3 3257 5838 707
3 8119 7857 2013
3 5909 2799 2042
3 1164 255 1104
3 937 6804 4562
3 4351 7287 2105
3 2723 1872 6181
3 2722 5135 2198
3 1381 6619 5969
3 9546 7597 6972
3 8636 5831 7395
3 333 9650 7539
3 93 8517 5439
3 5311 5526 9862
3 1101 5777 9994
3 461 5422 410
3 7478 2750 4070
3 2020 5947 2266
3 6739 3107 6902
3 7320 4692 5859
3 7725 2835 2841
3 3135 5804 2930
3 902 854 7773
3 6264 4022 2683
3 9243 6176 7755
3 7451 2870 2454
3 6170 1725 2760
3 5721 6770 7034
3 4529 7694 2432
3 4684 2367 6862
3 8715 6649 3358
3 1322 6607 9955
3 1568 9252 888
3 9062 3819 5656
3 328 7364 7399
3 6541 8261 2218
3 3498 3316 1051
3 3506 2549 3970
3 163 545 5537
3 2558 6916 1745
3 210 6506 9697
3 2932 9507 9983
3 1912 5861 8394
3 7310 8536 1212
3 487 4142 533
3 9514 4025 3324
3 3330 341 4620
3 7255 3495 2891
3 923 6545 5031
3 6313 2233 9245
3 6104 8313 7625
3 8479 4674 1489
3 6319 2577 9371
3 7368 7665 9167
3 7922 9774 9890
3 511 904 2740
3 745 1647 9662
3 2456 7802 1290
3 8620 2505 5588
3 117 6249 261
3 6202 6437 9071
3 7978 8710 9041
3 7970 1482 8208
3 5108 2069 728
3 8570 1940 1095
3 1023 3437 8419
3 4828 662 940
3 8067 7659 5153
3 8443 9075 3009
3 3132 8956 4117
3 4501 5523 6304
3 6512 5106 8082
3 8137 1941 1030
3 1416 7984 7933
3 4910 8624 3489
3 3912 8322 9400
3 720 3075 7102
3 7531 7675 759
3 6535 2168 112
3 32 9183 4789
3 5719 3474 7092
3 7510 5115 9911
3 6953 9177 5224
3 8936 4982 5807
3 6834 4818 4805
3 8984 3719 8543
3 9885 3818 922
3 2803 8210 3713
3 1691 5286 6620
3 9278 5006 5789
3 7157 1918 3611
3 7511 4312 1097
3 8906 3638 9904
3 5809 6125 1125
3 4999 185 2410
3 8828 2550 6821
3 3629 3625 6743
3 9487 3156 311
3 8673 5470 484
3 3170 8381 6482
3 1231 2171 501
3 2481 5887 1926
3 5747 2268 3018
3 6367 5848 3806
3 6823 5928 8951
3 4076 364 2425
3 2087 2324 7735
3 1756 9444 2068
3 7302 6374 5125
3 7545 8892 2001
3 7384 6317 8995
3 5418 8931 7486
3 5791 3362 7887
3 8740 6446 7918
3 201 8309 4360
3 2922 3910 7967
3 3566 6038 8504
3 8027 9585 5386
3 289 4671 3514
3 3518 8752 9022
3 9296 9730 9504
3 8415 2596 7741
3 976 3142 5519
3 9993 556 8583
3 8785 6163 8302
3 4605 7994 7214
3 9426 8532 8243
3 9235 8929 9909
3 8160 8242 6674
3 188 4790 7094
3 2814 999 4408
3 6774 2612 6791
3 4638 9161 6426
3 847 7167 920
3 9148 6306 3348
3 6331 3978 6423
3 8166 4663 4121
3 1649 3050 4118
3 9366 8642 4893
3 7939 7187 9521
3 4246 4997 8977
3 5474 4750 7458
3 2900 5964 2237
3 3580 8468 434
3 774 6971 3522
3 987 2474 8868
3 597 8292 7739
3 9464 7482 6599
3 6312 901 1813
3 6008 5854 4342
3 5558 86 6917
3 3276 4035 2390
3 1751 1942 6925
3 5397 5235 6019
3 6421 1932 8961
3 4796 6828 9343
3 4732 6866 3044
3 8286 3008 8970
3 9151 6915 1699
3 1179 2072 317
3 7439 538 6967
3 5166 318 3211
3 6596 5008 6274
3 3516 4678 1881
3 2929 2101 6538
3 2303 4238 8761
3 1850 9157 2555
3 9090 8388 849
3 6851 2713 3163
3 5730 6294 3906
3 3663 3187 5223
3 8003 3385 5358
3 5873 142 5110
3 1685 534 6100
3 6990 6753 8556
3 9975 531 1238
3 8861 9785 5241
3 8679 3933 2953
3 6849 8682 4628
3 9655 886 1814
3 2556 1441 3225
3 7964 3802 2916
3 9255 4034 2119
3 7828 2669 1135
3 6928 7143 4900
3 2653 8493 8508
3 9362 7420 7461
3 3395 9268 8567
3 4658 5432 84
3 8946 3500 1294
3 9961 8125 9193
3 6074 928 2319
3 9280 6914 3820
3 2508 2351 2896
3 8558 4667 8071
3 4611 9068 5695
3 1937 706 734
3 6227 5329 6551
3 2476 3651 95
3 7065 648 8380
3 4333 6517 9462
3 6845 5158 2204
3 9190 6443 7084
3 3995 8781 1873
3 9104 6636 4862
3 91 8631 7127
3 4158 1612 1503
3 9937 2876 7299
3 8775 1870 1563
3 3499 7153 1447
3 7219 9604 5726
3 9275 8310 9790
3 1535 141 6310
3 6005 8185 474
3 7010 9830 3091
3 6510 9002 180
3 146 4306 603
3 3949 7578 5145
3 4141 4712 2380
3 9519 2526 4354
3 5207 1596 658
3 3492 788 967
3 8353 2704 3367
3 2112 2409 4082
3 44 167 3119
3 4509 4587 865
3 6721 42 7599
3 4859 5080 1063
3 303 7614 7343
3 8477 7062 294
3 8423 6586 7372
3 6240 2664 8985
3 9966 2062 6720
3 752 7669 4148
3 6380 8814 8643
3 7965 451 8686
3 8431 5621 9272
3 5047 3866 3286
3 9407 1732 2408
3 1115 6711 8288
3 2265 4607 4205
3 8305 1214 4384
3 9150 4328 4481
3 8640 526 1333
3 3940 1467 3777
3 6034 2152 9759
3 8250 1504 3814
3 4551 519 1295
3 820 3445 8703
3 177 7663 1929
3 4290 7686 4526
3 6673 6237 1459
3 2920 958 1957
3 9260 174 2742
3 4361 7502 7452
3 7995 5755 9225
3 5467 3900 5509
3 9122 7658 4962
3 4248 2791 4311
3 5013 4353 8149
3 6326 2452 3118
3 281 8661 7508
3 7752 1960 5349
3 5631 216 7615
3 4829 1175 2158
3 4091 1495 5844
3 3913 178 5846
3 5583 8485 4226
3 4367 2024 3000
3 6402 4811 1902
3 4088 8954 5611
3 7419 8648 9693
3 9092 1065 5635
3 7431 2102 9764
3 9238 602 6717
3 7165 9680 699
3 7632 1201 6669
3 1484 7178 343
3 3822 4711 5417
3 8604 5600 5685
3 9871 4650 8369
3 3136 6075 4812
3 4197 1614 2316
3 7209 3845 337
3 1830 1351 6187
3 9679 7547 5285
3 8163 9971 7644
3 296 5895 3289
3 1865 1475 9901
3 7221 8318 8019
3 2166 1477 5646
3 7463 7155 8962
3 1632 7350 4220
3 405 5769 7055
3 8450 517 6977
3 4807 5609 3729
3 5918 5198 6440
3 3567 7489 215
3 5136 1595 6025
3 4935 5044 3237
3 1925 8012 4489
3 2428 8923 2660
3 1481 5273 184
3 2921 7584 2067
3 7555 9162 1689
3 4713 3048 7031
3 3455 9857 2439
2 9403 8870
2 6808 3338
2 5061 9186
2 8097 1397
2 3610 7559
2 3401 115
2 2850 4901
2 1886 6794
2 9999 5068
2 3213 5019
2 9981 1277
2 8942 299
2 363 6088
2 2617 8808
2 7421 7623
2 5301 9628
2 9982 1693
2 7803 8037
2 5203 1480
2 7920 9007
2 5042 6643
2 1840 6448
2 1341 9317
2 3930 1036
2 275 6436
2 7521 5128
2 421 9152
2 2061 6169
2 5653 9793
2 1677 7017
2 1888 2173
2 6639 8831
2 1934 5495
2 5731 8572
2 2155 9786
2 5494 2623
2 4419 7840
2 3817 389
2 1129 7284
2 4307 7681
2 7522 2450
2 6370 7784
2 1114 8607
2 9552 3284
2 635 908
2 9570 4031
2 7494 3507
2 573 3521
2 8338 872
2 2064 4602
2 4877 4892
2 9209 9350
2 219 7462
2 1171 3543
2 5355 1119
2 5517 796
2 2094 1794
2 5121 6937
2 2213 7713
2 9891 2796
2 9057 3864
2 7273 4896
2 7792 5965
2 6567 7895
2 5641 3600
2 5357 6962
2 9223 912
2 2706 4214
2 7149 7371
2 6366 4218
2 9340 1313
2 7903 5876
2 3068 6119
2 876 1501
2 4376 7620
2 2469 9887
2 9711 5872
2 8768 9367
2 7459 9563
2 860 8145
2 5885 9098
2 3924 7912
2 4917 3908
2 6407 9176
2 4083 6697
2 5681 649
2 3704 2039
2 4522 6102
2 2231 5975
2 5508 1890
2 4327 4841
2 4272 9820
2 9410 8968
2 5879 871
2 8801 7061
2 6356 9671
2 7626 2285
2 1838 8925
2 7581 2638
2 3434 9995
2 9864 1731
2 1461 1487
2 8049 1530
2 7329 1006
2 6309 6544
2 5024 7484
2 8675 682
2 78 8940
2 1979 3493
2 7820 5527
2 1611 3069
2 7808 1031
2 157 492
2 8869 6944
2 2467 6210
2 959 9637
2 7261 6055
2 9107 3405
2 7750 1554
2 4817 2142
2 1083 2800
2 5431 479
2 1385 1187
2 8361 1202
2 2353 3343
2 8148 5197
2 1094 8215
2 7768 1765
2 9612 9748
2 3097 4960
2 6698 206
2 5510 7087
2 9239 6161
2 8597 6151
2 2905 6285
2 1708 7873
2 717 9297
2 6467 9120
2 1621 6481
2 9564 2275
2 4044 6566
2 6444 4234
2 8865 5598
2 3053 5938
2 332 9005
2 1071 557
2 4774 608
2 7569 4784
2 3244 1292
2 171 6395
2 8866 6582
2 4480 4588
2 1822 4556
2 7359 3080
2 8333 1987
2 9633 2238
2 9974 2301
2 132 7254
2 1549 5768
2 8367 144
2 9453 650
2 5174 4539
2 8591 9141
2 4445 9821
2 1003 475
2 3469 5438
2 8736 1692
2 8851 7562
2 5104 8020
2 7088 1064
2 1915 9783
2 4449 9543
2 6060 9670
2 3332 4299
2 8633 6364
2 4478 4959
2 3769 1656
2 1569 9533
2 8658 5961
2 468 6185
2 4043 1961
2 2023 3281
2 9810 7332
2 5752 7274
2 5906 3705
2 5542 3438
2 8960 8708
2 1833 837
2 5094 6018
2 9675 881
2 7742 6706
2 2628 814
2 6234 9939
2 6118 5827
2 8133 1431
2 7692 1028
2 9623 8527
2 101 6662
2 9828 2203
2 1575 8698
2 9761 4682
2 2051 1218
2 6600 1866
2 5370 1587
2 7179 9698
2 4705 2745
2 4721 4293
2 7875 6885
2 239 365
2 8228 4623
2 4133 8248
2 5120 8957
2 8958 4890
2 1275 7782
2 9789 3488
2 4062 6907
2 9178 388
2 4819 1931
2 3049 5604
2 9485 6624
2 5955 4319
2 5091 768
2 2029 9629
2 4668 3588
2 5796 5836
2 5162 5700
2 3527 4993
2 3789 8696
2 8200 3790
2 5240 1111
2 278 425
2 6015 6085
2 9106 5419
2 2222 3246
2 6365 1700
2 7945 3496
2 7305 6454
2 8193 7706
2 8854 3797
2 463 1511
2 4468 4729
2 818 9316
2 33 1784
2 8516 1343
2 8010 4245
2 9413 5997
2 7134 9338
2 1479 815
2 6590 4860
2 4655 8469
2 864 7783
2 7326 6000
2 6584 3417
2 3155 6026
2 6178 7801
2 4716 1223
2 6036 5183
2 6645 3450
2 1742 776
2 7543 4881
2 2323 8068
2 3647 1537
2 3475 1368
2 2954 8765
2 3374 8227
2 7374 3675
2 900 9819
2 4340 2936
2 383 6811
2 7116 2018
2 8560 6398
2 2935 2697
2 4546 6134
2 6903 3628
2 3428 6485
2 2313 9232
2 9008 7781
2 8387 1841
2 8874 1540
2 8211 2560
2 6051 6622
2 8890 8274
2 4232 6388
2 8114 1826
2 1228 1005
2 8176 4931
2 4689 4046
2 1044 9577
2 6527 7027
2 977 395
2 9866 6344
2 1515 137
2 2806 4461
2 20 3426
2 8652 3143
2 8229 6825
2 521 5036
2 7164 6142
2 3828 2139
2 6218 3911
2 838 1230
2 4442 1824
2 2554 1412
2 8796 9933
2 5514 4254
2 2976 6912
2 8605 6873
2 5267 6164
2 5192 6689
2 4973 8836
2 2426 6458
2 5680 1884
2 8891 6500
2 8278 9709
2 5271 7059
2 6616 5790
2 7704 3079
2 978 9596
2 6655 9054
2 1800 2665
2 2307 6780
2 5236 4138
2 889 3934
2 1279 2453
2 9496 867
2 5902 5920
2 7633 2533
2 5627 9446
2 6381 6110
2 8465 700
2 8259 9513
2 6632 6969
2 6913 1260
2 6762 6959
2 7862 4413
2 2798 6614
2 7412 9258
2 6300 4128
2 7934 2688
2 8026 9087
2 3894 2471
2 4430 9667
2 4233 1303
2 9576 558
2 370 2241
2 7796 781
2 2475 5980
2 7662 5587
2 3674 258
2 1383 6857
2 6428 7795
2 31 1805
2 962 7770
2 2912 9551
2 9853 9108
2 1648 8001
2 4550 515
2 253 4640
2 4434 9046
2 4105 6305
2 6384 5640
2 6615 8444
2 4041 9717
2 10 4341
2 746 6225
2 6592 5084
2 2892 9882
2 2509 4217
2 3022 7380
2 6006 7089
2 1652 2510
2 9520 4933
2 5785 7829
2 5017 730
2 6354 1593
2 6246 8266
2 906 1613
2 6209 3310
2 2809 8111
2 9776 4641
2 7956 4944
2 9344 4464
2 5901 2708
2 4518 1444
2 2076 2631
2 7228 1905
2 1835 7002
2 1996 7506
2 7962 4140
2 9865 4451
2 839 4224
2 6740 85
2 3425 7443
2 1992 88
2 9076 7951
2 6029 5661
2 9716 250
2 7958 591
2 1793 3086
2 2700 5575
2 5426 9652
2 3125 2224
2 130 2211
2 2438 7300
2 8681 4281
2 8805 284
2 4985 569
2 5643 94
2 6270 2186
2 4268 6063
2 6995 1330
2 4984 2934
2 683 1078
2 3412 7501
2 1054 3482
2 213 6578
2 6702 5792
2 6223 8988
2 9458 2534
2 4036 9034
2 2927 5764
2 6537 3229
2 4093 3517
2 1936 3021
2 8767 3334
2 2817 6429
2 6769 9803
2 3896 9921
2 6839 7655
2 8375 9892
2 5099 6430
2 67 195
2 3076 9126
2 5559 9015
2 3371 423
2 1205 1574
2 4787 3222
2 6824 3929
2 2590 3862
2 8206 9469
2 594 9653
2 34 9394
2 9361 8746
2 6550 6224
2 9583 8093
2 5813 6020
2 834 6126
2 3376 6136
2 6184 3458
2 523 4079
2 8006 3297
2 4400 486
2 4465 5491
2 3993 248
2 7671 5992
2 736 6923
2 6846 9189
2 8500 235
2 1998 6869
2 1471 2654
2 3672 3889
2 8653 4074
2 9625 5534
2 4565 361
2 5529 4097
2 5666 6893
2 525 6664
2 3747 8008
2 8256 9560
2 6730 5746
2 7108 6930
2 5489 1667
2 2100 3490
2 4330 7200
2 916 6158
2 6827 989
2 4173 5140
2 6183 3267
2 3058 6612
2 1755 7045
2 7397 3782
2 9595 1490
2 4209 5720
2 2127 223
2 4502 5298
2 2310 4758
2 2825 5979
2 7152 6734
2 2136 1974
2 3561 6799
2 678 8969
2 3897 938
2 4379 6522
2 1951 4277
2 5890 75
2 812 3131
2 2692 2191
2 6634 48
2 7831 4227
2 2189 41
2 4370 3601
2 600 3984
2 8618 5841
2 9610 5146
